%YAML:1.0
label: !!opencv-matrix
   rows: 1
   cols: 2160
   dt: f
   data: [ 7., 7., 7., 7., 7., 7., 7., 7., 7., 7., 7., 7., 7., 7., 7.,
       7., 7., 7., 7., 7., 7., 7., 7., 7., 7., 7., 7., 7., 7., 7., 7.,
       7., 7., 7., 7., 7., 7., 7., 7., 7., 7., 7., 7., 7., 5., 5., 5.,
       5., 5., 5., 5., 5., 5., 5., 5., 5., 5., 5., 5., 5., 5., 5., 5.,
       5., 5., 5., 5., 5., 5., 5., 5., 5., 5., 5., 5., 5., 5., 5., 5.,
       5., 5., 5., 5., 5., 5., 5., 5., 5., 5., 5., 5., 5., 5., 5., 5.,
       5., 5., 5., 5., 5., 5., 5., 5., 5., 5., 5., 5., 5., 5., 5., 5.,
       5., 5., 5., 5., 5., 5., 5., 5., 5., 5., 5., 5., 5., 5., 5., 5.,
       5., 5., 5., 5., 5., 5., 5., 5., 5., 5., 5., 5., 5., 5., 5., 5.,
       5., 5., 5., 5., 5., 5., 5., 5., 5., 5., 5., 5., 5., 5., 5., 5.,
       5., 5., 5., 5., 5., 5., 5., 5., 5., 5., 5., 5., 5., 5., 5., 5.,
       5., 5., 5., 5., 5., 5., 5., 5., 5., 5., 5., 5., 5., 5., 5., 5.,
       5., 5., 5., 5., 5., 5., 5., 5., 5., 5., 5., 71., 6., 6., 6., 6.,
       6., 6., 6., 6., 6., 6., 6., 6., 6., 6., 6., 6., 6., 6., 6., 6.,
       6., 6., 6., 6., 6., 6., 6., 6., 6., 6., 6., 6., 6., 6., 6., 6.,
       6., 6., 6., 6., 6., 6., 6., 6., 6., 6., 6., 6., 6., 6., 6., 6.,
       6., 6., 6., 6., 6., 6., 6., 6., 6., 6., 6., 6., 6., 6., 6., 6.,
       6., 6., 6., 6., 6., 6., 6., 6., 6., 6., 6., 6., 6., 6., 6., 6.,
       6., 6., 6., 6., 6., 6., 6., 6., 6., 6., 6., 6., 6., 6., 6., 6.,
       6., 6., 6., 6., 6., 6., 6., 6., 6., 6., 6., 6., 6., 6., 6., 6.,
       6., 6., 6., 6., 6., 6., 6., 6., 6., 6., 6., 6., 6., 6., 6., 6.,
       6., 6., 6., 6., 6., 6., 6., 6., 6., 6., 6., 6., 6., 6., 6., 6.,
       6., 6., 6., 6., 6., 6., 6., 6., 6., 6., 6., 6., 6., 6., 6., 6.,
       6., 6., 6., 6., 6., 6., 6., 6., 6., 6., 6., 6., 6., 6., 6., 6.,
       6., 6., 6., 6., 6., 6., 6., 6., 6., 6., 6., 6., 6., 6., 6., 6.,
       6., 6., 6., 6., 6., 6., 6., 6., 6., 6., 6., 6., 6., 6., 6., 6.,
       6., 6., 6., 6., 6., 6., 6., 6., 6., 6., 6., 6., 6., 6., 6., 6.,
       6., 6., 6., 6., 6., 6., 6., 6., 6., 6., 6., 6., 6., 6., 7., 7.,
       7., 7., 7., 7., 7., 7., 7., 7., 7., 7., 7., 7., 7., 7., 7., 7.,
       7., 7., 7., 7., 7., 7., 7., 7., 7., 7., 7., 7., 7., 7., 7., 7.,
       7., 7., 7., 7., 7., 7., 7., 7., 7., 7., 7., 7., 7., 7., 7., 7.,
       7., 7., 7., 7., 7., 7., 7., 7., 7., 7., 7., 7., 7., 7., 7., 7.,
       7., 7., 7., 7., 7., 7., 7., 7., 7., 7., 7., 7., 7., 7., 7., 7.,
       7., 7., 7., 7., 7., 7., 7., 7., 7., 7., 7., 7., 7., 7., 7., 7.,
       7., 7., 7., 7., 7., 7., 7., 7., 7., 7., 7., 7., 7., 7., 7., 7.,
       7., 7., 7., 7., 7., 7., 7., 7., 7., 7., 7., 7., 7., 7., 7., 7.,
       7., 7., 7., 7., 7., 7., 7., 7., 7., 7., 7., 7., 7., 7., 7., 7.,
       7., 7., 7., 7., 7., 7., 7., 7., 7., 7., 7., 7., 7., 7., 7., 7.,
       7., 7., 7., 7., 7., 7., 7., 7., 7., 7., 7., 7., 7., 7., 7., 7.,
       7., 7., 7., 7., 7., 7., 7., 7., 7., 7., 7., 7., 7., 7., 7., 7.,
       7., 7., 7., 7., 7., 7., 7., 7., 7., 71., 71., 71., 71., 71., 71.,
       71., 71., 71., 71., 71., 71., 71., 71., 71., 8., 8., 8., 8., 8.,
       8., 8., 8., 8., 8., 8., 8., 8., 8., 8., 8., 8., 8., 8., 8., 8.,
       8., 8., 8., 8., 8., 8., 8., 8., 8., 8., 8., 8., 8., 8., 8., 8.,
       8., 8., 8., 8., 8., 8., 8., 8., 8., 8., 8., 8., 8., 8., 8., 8.,
       8., 8., 8., 8., 8., 8., 8., 8., 9., 9., 9., 9., 9., 9., 9., 9.,
       9., 9., 9., 9., 9., 9., 9., 9., 9., 9., 9., 9., 9., 9., 9., 9.,
       9., 9., 9., 9., 9., 9., 9., 9., 9., 9., 9., 9., 9., 9., 9., 9.,
       9., 9., 9., 9., 9., 9., 9., 9., 9., 9., 9., 9., 9., 9., 9., 9.,
       9., 9., 9., 9., 9., 9., 9., 9., 9., 9., 9., 9., 9., 9., 9., 9.,
       9., 9., 9., 9., 9., 9., 9., 9., 9., 9., 9., 9., 9., 9., 9., 9.,
       9., 9., 9., 9., 9., 9., 9., 9., 9., 9., 9., 9., 9., 9., 9., 9.,
       9., 9., 9., 9., 9., 9., 9., 9., 9., 9., 9., 9., 9., 9., 9., 9.,
       9., 9., 9., 9., 9., 9., 9., 9., 9., 9., 9., 9., 9., 9., 9., 9.,
       9., 9., 9., 9., 9., 9., 9., 9., 9., 9., 9., 9., 9., 9., 9., 9.,
       9., 9., 9., 9., 9., 9., 9., 9., 9., 9., 9., 9., 9., 9., 9., 9.,
       9., 9., 9., 9., 9., 9., 9., 9., 9., 9., 9., 9., 9., 9., 9., 9.,
       9., 9., 9., 9., 9., 9., 9., 9., 71., 0., 0., 0., 0., 0., 0., 0.,
       0., 0., 0., 0., 0., 0., 0., 0., 0., 0., 0., 0., 0., 0., 0., 0.,
       0., 0., 0., 0., 0., 0., 0., 0., 0., 0., 0., 0., 0., 0., 0., 0.,
       0., 0., 0., 0., 0., 0., 0., 0., 0., 0., 0., 0., 0., 0., 0., 0.,
       0., 0., 0., 0., 0., 0., 0., 0., 0., 0., 0., 0., 0., 0., 0., 0.,
       0., 0., 0., 0., 0., 0., 0., 0., 0., 0., 0., 0., 0., 0., 0., 0.,
       0., 0., 0., 0., 0., 0., 0., 0., 0., 0., 0., 0., 0., 0., 0., 0.,
       0., 0., 0., 0., 0., 0., 0., 0., 0., 0., 0., 0., 0., 0., 0., 71.,
       71., 71., 1., 1., 1., 1., 1., 1., 1., 1., 1., 1., 1., 1., 1., 1.,
       1., 1., 1., 1., 1., 1., 1., 1., 1., 1., 1., 1., 1., 1., 1., 1.,
       1., 1., 1., 1., 1., 1., 1., 1., 1., 1., 1., 1., 1., 1., 1., 1.,
       1., 1., 1., 1., 1., 1., 1., 1., 1., 1., 1., 1., 1., 1., 1., 1.,
       1., 1., 1., 1., 1., 1., 1., 1., 1., 1., 1., 1., 1., 1., 1., 1.,
       1., 1., 71., 71., 71., 71., 2., 2., 2., 2., 2., 2., 2., 2., 2.,
       2., 2., 2., 2., 2., 2., 2., 2., 2., 2., 2., 2., 2., 2., 2., 2.,
       2., 2., 2., 2., 2., 2., 2., 2., 2., 2., 2., 2., 2., 2., 2., 2.,
       2., 2., 2., 2., 2., 2., 2., 2., 2., 2., 2., 2., 2., 2., 2., 2.,
       2., 2., 2., 2., 2., 2., 2., 2., 2., 2., 2., 2., 2., 2., 2., 2.,
       2., 2., 2., 2., 2., 2., 2., 2., 2., 2., 2., 2., 2., 2., 2., 2.,
       2., 2., 2., 2., 2., 2., 2., 2., 2., 2., 2., 2., 2., 2., 2., 2.,
       2., 2., 2., 2., 2., 2., 2., 2., 2., 2., 2., 2., 2., 2., 2., 2.,
       2., 2., 2., 2., 2., 2., 2., 2., 2., 2., 2., 2., 2., 2., 2., 2.,
       2., 2., 2., 2., 2., 2., 2., 2., 2., 2., 2., 2., 2., 2., 2., 2.,
       2., 2., 2., 2., 2., 2., 2., 2., 2., 2., 2., 2., 2., 2., 2., 2.,
       2., 2., 2., 2., 2., 2., 2., 2., 2., 2., 2., 2., 2., 2., 2., 2.,
       2., 2., 2., 2., 2., 2., 71., 71., 71., 3., 3., 3., 3., 3., 3., 3.,
       3., 3., 3., 3., 3., 3., 3., 3., 3., 3., 3., 3., 3., 3., 3., 3.,
       3., 3., 3., 3., 3., 3., 3., 3., 3., 3., 3., 3., 3., 3., 3., 3.,
       3., 3., 3., 3., 3., 3., 3., 3., 3., 3., 3., 3., 3., 3., 3., 3.,
       3., 3., 3., 3., 3., 3., 3., 3., 3., 3., 3., 3., 3., 3., 3., 3.,
       3., 3., 3., 3., 3., 3., 3., 3., 3., 3., 3., 3., 3., 3., 3., 3.,
       3., 3., 3., 3., 3., 3., 3., 3., 3., 3., 3., 3., 3., 3., 3., 3.,
       3., 3., 3., 3., 3., 3., 3., 3., 3., 3., 3., 3., 3., 3., 3., 3.,
       3., 3., 3., 3., 3., 3., 3., 3., 3., 3., 3., 3., 3., 3., 3., 3.,
       3., 3., 3., 3., 3., 3., 3., 3., 3., 3., 3., 3., 3., 3., 3., 3.,
       3., 3., 3., 3., 3., 3., 3., 3., 3., 3., 3., 3., 3., 3., 3., 3.,
       3., 3., 3., 3., 3., 3., 3., 3., 3., 3., 3., 3., 3., 3., 3., 3.,
       3., 3., 3., 3., 7., 7., 7., 7., 7., 7., 7., 7., 7., 7., 7., 7.,
       7., 7., 7., 7., 7., 7., 7., 7., 7., 7., 7., 7., 7., 7., 7., 7.,
       7., 7., 7., 7., 7., 7., 7., 7., 7., 7., 7., 7., 7., 7., 7., 7.,
       7., 3., 3., 3., 3., 3., 3., 3., 3., 3., 3., 3., 3., 3., 3., 3.,
       3., 3., 3., 3., 3., 3., 3., 3., 3., 3., 3., 3., 3., 3., 3., 3.,
       3., 3., 3., 3., 3., 3., 3., 3., 3., 3., 3., 3., 3., 3., 3., 3.,
       3., 3., 3., 3., 4., 4., 4., 4., 4., 4., 4., 4., 4., 4., 4., 4.,
       4., 4., 4., 4., 4., 4., 4., 4., 4., 4., 4., 4., 4., 4., 4., 4.,
       4., 4., 4., 4., 4., 4., 4., 4., 4., 4., 4., 4., 4., 4., 4., 4.,
       4., 4., 4., 4., 4., 4., 4., 4., 4., 4., 4., 4., 4., 4., 4., 4.,
       4., 4., 4., 4., 4., 4., 4., 4., 4., 4., 4., 4., 4., 4., 4., 4.,
       4., 4., 4., 4., 4., 4., 4., 4., 4., 4., 4., 4., 7., 7., 7., 7.,
       7., 8., 8., 8., 8., 8., 8., 8., 8., 8., 8., 8., 8., 8., 8., 8.,
       8., 8., 8., 8., 8., 8., 8., 8., 8., 8., 8., 8., 8., 8., 8., 8.,
       8., 2., 2., 2., 2., 2., 2., 2., 2., 2., 2., 2., 2., 2., 2., 2.,
       2., 2., 2., 2., 2., 2., 2., 2., 2., 2., 2., 2., 2., 2., 2., 2.,
       2., 2., 2., 2., 2., 2., 2., 2., 2., 2., 2., 2., 2., 2., 2., 2.,
