%YAML:1.0
label: !!opencv-matrix
   rows: 1
   cols: 843
   dt: f
   data: [ 8., 0., 8., 0., 8., 0., 8., 0., 8., 0., 3., 8., 0., 3., 8.,
       0., 8., 0., 3., 8., 0., 3., 8., 0., 3., 0., 8., 3., 0., 8., 3.,
       0., 8., 3., 0., 8., 3., 0., 8., 3., 0., 8., 3., 1., 0., 8., 3.,
       1., 0., 8., 3., 1., 0., 8., 3., 1., 0., 8., 3., 1., 0., 8., 3.,
       1., 0., 8., 3., 1., 0., 8., 3., 1., 0., 3., 8., 1., 4., 0., 3.,
       8., 1., 4., 0., 3., 1., 8., 4., 0., 3., 1., 8., 4., 0., 3., 1.,
       8., 4., 0., 3., 1., 8., 4., 0., 3., 1., 8., 4., 3., 0., 1., 8.,
       4., 3., 0., 1., 4., 0., 3., 1., 4., 0., 3., 1., 4., 3., 0., 1.,
       4., 3., 0., 1., 4., 3., 0., 1., 4., 3., 1., 0., 4., 3., 1., 0.,
       4., 3., 1., 1., 3., 3., 3., 3., 3., 3., 3., 3., 3., 3., 1., 3.,
       3., 1., 3., 4., 3., 4., 1., 3., 67., 1., 3., 4., 1., 3., 4., 1.,
       3., 4., 1., 3., 4., 3., 4., 1., 3., 4., 71., 3., 4., 1., 3., 4.,
       5., 1., 3., 4., 71., 0., 1., 4., 3., 5., 0., 1., 71., 5., 3., 0.,
       1., 3., 4., 0., 1., 3., 0., 1., 3., 0., 71., 3., 1., 0., 1., 4.,
       3., 71., 0., 1., 71., 3., 0., 1., 71., 4., 0., 6., 71., 5., 1.,
       3., 0., 1., 4., 1., 71., 4., 6., 3., 1., 4., 6., 3., 1., 4., 3.,
       5., 71., 4., 6., 3., 71., 5., 4., 3., 6., 5., 1., 4., 6., 3., 5.,
       1., 4., 6., 3., 5., 4., 1., 6., 7., 3., 5., 4., 1., 6., 3., 5.,
       4., 1., 6., 3., 5., 4., 1., 6., 3., 5., 4., 1., 6., 3., 5., 4.,
       1., 6., 3., 5., 4., 1., 3., 5., 4., 1., 5., 4., 1., 5., 4., 1.,
       5., 4., 1., 5., 4., 1., 5., 4., 1., 5., 4., 1., 5., 4., 1., 5.,
       4., 1., 5., 4., 1., 5., 5., -49., -49., 5., 5., 4., 5., 4., 5.,
       4., 5., 1., 67., 4., 1., 5., 4., 1., 67., 4., 1., 5., 4., 1., 67.,
       4., 1., 5., 4., 6., 1., 5., 6., 4., 1., 5., 6., 4., 1., 5., 6.,
       4., 1., 67., 4., 5., 4., 6., 1., 5., 4., 6., 1., 7., 5., 6., 4.,
       7., 1., 5., 6., 4., 7., 1., 5., 6., 4., 7., 1., 3., 6., 5., 4.,
       7., 1., 6., 5., 7., 4., 3., 6., 5., 7., 4., 1., 6., 5., 7., 4.,
       1., 6., 5., 7., 4., 6., 5., 7., 4., 6., 5., 7., 4., 5., 6., 4.,
       7., 5., 6., 4., 7., 6., 5., 7., 4., 6., 4., 7., 6., 5., 4., 7.,
       71., 5., 6., 7., 5., 4., 71., 5., 6., 7., 5., 4., 5., 6., 7., 4.,
       5., 6., 4., 7., 5., 6., 7., 4., 5., 6., 4., 7., 9., 5., 6., 4.,
       7., 9., 5., 6., 4., 7., 5., 6., 4., 7., 9., 71., 5., 6., 4., 7.,
       71., 5., 6., 4., 7., 71., 5., 6., 4., 7., 5., 6., 7., 5., 6., 7.,
       5., 6., 7., 5., 6., 7., 6., 5., 7., 6., 5., 7., 6., 5., 7., 6.,
       7., 5., 6., 7., 5., 6., 7., 5., 6., 7., 5., 6., 7., 71., 6., 7.,
       6., 7., 6., 7., 6., 7., 6., 7., 6., 7., 6., 7., 6., 7., 6., 7.,
       6., 7., 6., 7., 6., 7., 6., 7., 6., 7., 6., 7., 5., 6., 7., 5.,
       71., 6., 7., 5., 6., 7., 5., 6., 7., 5., 6., 7., 5., 6., 7., 5.,
       6., 7., 5., 6., 7., 5., 4., 6., 7., 5., 4., 6., 5., 7., 4., 6.,
       5., 6., 5., 7., 9., 6., 5., 7., 9., 6., 7., 9., 6., 7., 9., 6.,
       7., 5., 9., 6., 7., 6., 7., 9., 6., 7., 6., 7., 9., 6., 6., 6.,
       5., 7., 6., 7., 5., 9., 6., 7., 9., 6., 9., 6., 7., 7., 6., 9.,
       7., 6., 7., 6., 7., 6., 9., 7., 6., 9., 7., 6., 9., 7., 6., 9.,
       7., 6., 9., 7., 9., 6., 2., 7., 9., 2., 6., 7., 9., 2., 6., 9.,
       7., 2., 6., 9., 7., 2., 9., 7., 2., 9., 7., 2., 9., 71., 2., 9.,
       2., 7., 9., 2., 9., 2., 9., 2., 9., 2., 9., 2., 9., 9., 9., 9.,
       9., 9., 9., 9., 9., 9., 9., 9., 9., 9., 9., 9., 9., 9., 9., 9.,
       9., 2., 9., 2., 9., 2., 9., 7., 9., 2., 9., 2., 7., 9., 2., 9.,
       2., 7., 9., 2., 7., 9., 2., 7., 9., 2., 7., 9., 2., 9., 2., 9.,
       2., 9., 2., 7., 9., 2., 9., 2., 9., 2., 9., 2., 9., 2., 9., 2.,
       9., 2., 9., 2., 9., 2., 9., 2., 9., 2., 9., 2., 9., 2., 9., 2.,
       9., 2., 9., 2., 9., 2., 9., 2., 2., 9., 2., 9., 2., 9., 2., 9.,
       2., 9., 2., 9., 2., 9., 2., 9., 2., 9., 2., 9., 9., 9. ]
